0.000000	12.000000	1.472807	1.370000
0.000000	13.000000	1.451228	1.370000
0.000000	14.000000	1.457517	1.370000
0.000000	15.000000	1.439415	1.370000
0.000000	16.000000	1.458069	1.370000
0.000000	17.000000	1.479500	1.370000
0.000000	18.000000	1.496185	1.370000
0.000000	19.000000	1.463390	1.370000
0.000000	20.000000	1.495668	1.370000
0.000000	21.000000	1.502345	1.370000
0.000000	22.000000	1.492755	1.370000
0.000000	23.000000	1.500749	1.370000
0.000000	24.000000	1.515884	1.370000
0.000000	25.000000	1.514225	1.370000
0.000000	26.000000	1.516605	1.370000
0.000000	27.000000	1.530973	1.370000
0.000000	28.000000	1.561400	1.370000
0.000000	29.000000	1.567009	1.370000
0.000000	30.000000	1.546290	1.370000
0.000000	31.000000	1.496946	1.370000
0.000000	32.000000	1.540320	1.370000
0.000000	33.000000	1.499000	1.370000
0.000000	34.000000	1.529779	1.370000
0.000000	35.000000	1.567445	1.370000
0.000000	36.000000	1.526689	1.370000
0.000000	37.000000	1.520940	1.370000
0.000000	38.000000	1.462829	1.370000
0.000000	39.000000	1.499118	1.370000
0.000000	40.000000	1.480715	1.370000
0.000000	41.000000	1.477333	1.370000
0.000000	42.000000	1.526768	1.370000
0.000000	43.000000	1.492430	1.370000
0.000000	44.000000	1.502842	1.370000
0.000000	45.000000	1.495462	1.370000
0.000000	46.000000	1.505952	1.370000
0.000000	47.000000	1.467373	1.370000
1.000000	12.000000	1.451953	1.370000
1.000000	13.000000	1.450512	1.370000
1.000000	14.000000	1.464007	1.370000
1.000000	15.000000	1.438374	1.370000
1.000000	16.000000	1.421596	1.370000
1.000000	17.000000	1.446559	1.370000
1.000000	18.000000	1.455105	1.370000
1.000000	19.000000	1.431600	1.370000
1.000000	20.000000	1.454968	1.370000
1.000000	21.000000	1.471006	1.370000
1.000000	22.000000	1.434010	1.370000
1.000000	23.000000	1.438000	1.370000
1.000000	24.000000	1.482844	1.370000
1.000000	25.000000	1.485316	1.370000
1.000000	26.000000	1.484542	1.370000
1.000000	27.000000	1.504381	1.370000
1.000000	28.000000	1.520817	1.370000
1.000000	29.000000	1.535016	1.370000
1.000000	30.000000	1.528145	1.370000
1.000000	31.000000	1.507375	1.370000
1.000000	32.000000	1.519137	1.370000
1.000000	33.000000	1.459024	1.370000
1.000000	34.000000	1.529129	1.370000
1.000000	35.000000	1.529749	1.370000
1.000000	36.000000	1.537770	1.370000
1.000000	37.000000	1.520773	1.370000
1.000000	38.000000	1.482890	1.370000
1.000000	39.000000	1.493441	1.370000
1.000000	40.000000	1.488112	1.370000
1.000000	41.000000	1.487031	1.370000
1.000000	42.000000	1.537059	1.370000
1.000000	43.000000	1.488913	1.370000
1.000000	44.000000	1.474598	1.370000
1.000000	45.000000	1.505385	1.370000
1.000000	46.000000	1.506600	1.370000
1.000000	47.000000	1.477069	1.370000
2.000000	12.000000	1.468727	1.370000
2.000000	13.000000	1.479847	1.370000
2.000000	14.000000	1.445023	1.370000
2.000000	15.000000	1.446858	1.370000
2.000000	16.000000	1.472465	1.370000
2.000000	17.000000	1.468462	1.370000
2.000000	18.000000	1.450364	1.370000
2.000000	19.000000	1.433970	1.370000
2.000000	20.000000	1.445709	1.370000
2.000000	21.000000	1.459636	1.370000
2.000000	22.000000	1.426393	1.370000
2.000000	23.000000	1.435915	1.370000
2.000000	24.000000	1.456969	1.370000
2.000000	25.000000	1.471500	1.370000
2.000000	26.000000	1.471369	1.370000
2.000000	27.000000	1.497460	1.370000
2.000000	28.000000	1.523405	1.370000
2.000000	29.000000	1.519980	1.370000
2.000000	30.000000	1.556868	1.370000
2.000000	31.000000	1.522011	1.370000
2.000000	32.000000	1.550825	1.370000
2.000000	33.000000	1.467561	1.370000
2.000000	34.000000	1.549615	1.370000
2.000000	35.000000	1.554762	1.370000
2.000000	36.000000	1.536226	1.370000
2.000000	37.000000	1.531599	1.370000
2.000000	38.000000	1.460572	1.370000
2.000000	39.000000	1.499457	1.370000
2.000000	40.000000	1.486655	1.370000
2.000000	41.000000	1.485709	1.370000
2.000000	42.000000	1.550256	1.370000
2.000000	43.000000	1.492738	1.370000
2.000000	44.000000	1.476708	1.370000
2.000000	45.000000	1.502568	1.370000
2.000000	46.000000	1.494415	1.370000
2.000000	47.000000	1.459987	1.370000
3.000000	12.000000	1.501823	1.370000
3.000000	13.000000	1.504880	1.370000
3.000000	14.000000	1.509251	1.370000
3.000000	15.000000	1.472626	1.370000
3.000000	16.000000	1.465407	1.370000
3.000000	17.000000	1.475394	1.370000
3.000000	18.000000	1.492309	1.370000
3.000000	19.000000	1.472064	1.370000
3.000000	20.000000	1.486569	1.370000
3.000000	21.000000	1.471268	1.370000
3.000000	22.000000	1.480458	1.370000
3.000000	23.000000	1.446561	1.370000
3.000000	24.000000	1.503266	1.370000
3.000000	25.000000	1.527608	1.370000
3.000000	26.000000	1.547861	1.370000
3.000000	27.000000	1.536630	1.370000
3.000000	28.000000	1.528431	1.370000
3.000000	29.000000	1.524317	1.370000
3.000000	30.000000	1.537857	1.370000
3.000000	31.000000	1.505377	1.370000
3.000000	32.000000	1.517731	1.370000
3.000000	33.000000	1.497520	1.370000
3.000000	34.000000	1.520657	1.370000
3.000000	35.000000	1.539671	1.370000
3.000000	36.000000	1.582063	1.370000
3.000000	37.000000	1.546317	1.370000
3.000000	38.000000	1.535465	1.370000
3.000000	39.000000	1.568923	1.370000
3.000000	40.000000	1.539781	1.370000
3.000000	41.000000	1.534641	1.370000
3.000000	42.000000	1.564652	1.370000
3.000000	43.000000	1.532261	1.370000
3.000000	44.000000	1.515693	1.370000
3.000000	45.000000	1.549370	1.370000
3.000000	46.000000	1.555091	1.370000
3.000000	47.000000	1.521829	1.370000
4.000000	12.000000	1.473573	1.370000
4.000000	13.000000	1.465850	1.370000
4.000000	14.000000	1.463274	1.370000
4.000000	15.000000	1.452585	1.370000
4.000000	16.000000	1.437988	1.370000
4.000000	17.000000	1.450033	1.370000
4.000000	18.000000	1.482810	1.370000
4.000000	19.000000	1.456347	1.370000
4.000000	20.000000	1.480095	1.370000
4.000000	21.000000	1.463275	1.370000
4.000000	22.000000	1.450431	1.370000
4.000000	23.000000	1.437773	1.370000
4.000000	24.000000	1.498756	1.370000
4.000000	25.000000	1.510043	1.370000
4.000000	26.000000	1.516539	1.370000
4.000000	27.000000	1.516289	1.370000
4.000000	28.000000	1.518869	1.370000
4.000000	29.000000	1.540203	1.370000
4.000000	30.000000	1.536889	1.370000
4.000000	31.000000	1.507929	1.370000
4.000000	32.000000	1.526502	1.370000
4.000000	33.000000	1.486036	1.370000
4.000000	34.000000	1.531752	1.370000
4.000000	35.000000	1.525551	1.370000
4.000000	36.000000	1.540090	1.370000
4.000000	37.000000	1.521127	1.370000
4.000000	38.000000	1.503037	1.370000
4.000000	39.000000	1.529064	1.370000
4.000000	40.000000	1.519707	1.370000
4.000000	41.000000	1.504986	1.370000
4.000000	42.000000	1.549929	1.370000
4.000000	43.000000	1.489314	1.370000
4.000000	44.000000	1.487575	1.370000
4.000000	45.000000	1.501130	1.370000
4.000000	46.000000	1.499384	1.370000
4.000000	47.000000	1.485570	1.370000
5.000000	12.000000	1.535420	1.370000
5.000000	13.000000	1.510649	1.370000
5.000000	14.000000	1.476657	1.370000
5.000000	15.000000	1.478073	1.370000
5.000000	16.000000	1.490161	1.370000
5.000000	17.000000	1.502662	1.370000
5.000000	18.000000	1.454624	1.370000
5.000000	19.000000	1.461792	1.370000
5.000000	20.000000	1.460718	1.370000
5.000000	21.000000	1.437566	1.370000
5.000000	22.000000	1.465909	1.370000
5.000000	23.000000	1.427546	1.370000
5.000000	24.000000	1.512283	1.370000
5.000000	25.000000	1.517846	1.370000
5.000000	26.000000	1.520934	1.370000
5.000000	27.000000	1.521127	1.370000
5.000000	28.000000	1.507515	1.370000
5.000000	29.000000	1.513442	1.370000
5.000000	30.000000	1.521740	1.370000
5.000000	31.000000	1.513936	1.370000
5.000000	32.000000	1.516613	1.370000
5.000000	33.000000	1.463386	1.370000
5.000000	34.000000	1.497367	1.370000
5.000000	35.000000	1.506710	1.370000
5.000000	36.000000	1.617676	1.370000
5.000000	37.000000	1.622160	1.370000
5.000000	38.000000	1.552455	1.370000
5.000000	39.000000	1.603876	1.370000
5.000000	40.000000	1.583559	1.370000
5.000000	41.000000	1.573812	1.370000
5.000000	42.000000	1.589765	1.370000
5.000000	43.000000	1.566184	1.370000
5.000000	44.000000	1.560704	1.370000
5.000000	45.000000	1.583965	1.370000
5.000000	46.000000	1.575208	1.370000
5.000000	47.000000	1.555187	1.370000
6.000000	12.000000	1.429030	1.370000
6.000000	13.000000	1.454624	1.370000
6.000000	14.000000	1.424181	1.370000
6.000000	15.000000	1.451913	1.370000
6.000000	16.000000	1.404948	1.370000
6.000000	17.000000	1.413481	1.370000
6.000000	18.000000	1.472726	1.370000
6.000000	19.000000	1.427341	1.370000
6.000000	20.000000	1.454010	1.370000
6.000000	21.000000	1.471379	1.370000
6.000000	22.000000	1.433272	1.370000
6.000000	23.000000	1.436935	1.370000
6.000000	24.000000	1.478568	1.370000
6.000000	25.000000	1.476681	1.370000
6.000000	26.000000	1.477655	1.370000
6.000000	27.000000	1.467079	1.370000
6.000000	28.000000	1.488286	1.370000
6.000000	29.000000	1.487123	1.370000
6.000000	30.000000	1.520799	1.370000
6.000000	31.000000	1.483683	1.370000
6.000000	32.000000	1.493480	1.370000
6.000000	33.000000	1.469428	1.370000
6.000000	34.000000	1.511310	1.370000
6.000000	35.000000	1.528689	1.370000
6.000000	36.000000	1.432836	1.370000
6.000000	37.000000	1.430286	1.370000
6.000000	38.000000	1.445797	1.370000
6.000000	39.000000	1.475374	1.370000
6.000000	40.000000	1.450380	1.370000
6.000000	41.000000	1.450586	1.370000
6.000000	42.000000	1.523077	1.370000
6.000000	43.000000	1.483221	1.370000
6.000000	44.000000	1.456593	1.370000
6.000000	45.000000	1.438124	1.370000
6.000000	46.000000	1.485917	1.370000
6.000000	47.000000	1.454828	1.370000
7.000000	12.000000	1.420654	1.370000
7.000000	13.000000	1.423292	1.370000
7.000000	14.000000	1.455355	1.370000
7.000000	15.000000	1.444236	1.370000
7.000000	16.000000	1.403256	1.370000
7.000000	17.000000	1.430641	1.370000
7.000000	18.000000	1.519846	1.370000
7.000000	19.000000	1.456555	1.370000
7.000000	20.000000	1.494427	1.370000
7.000000	21.000000	1.528437	1.370000
7.000000	22.000000	1.474833	1.370000
7.000000	23.000000	1.450857	1.370000
7.000000	24.000000	1.476005	1.370000
7.000000	25.000000	1.482967	1.370000
7.000000	26.000000	1.472642	1.370000
7.000000	27.000000	1.491741	1.370000
7.000000	28.000000	1.485592	1.370000
7.000000	29.000000	1.487004	1.370000
7.000000	30.000000	1.498905	1.370000
7.000000	31.000000	1.509396	1.370000
7.000000	32.000000	1.496349	1.370000
7.000000	33.000000	1.489835	1.370000
7.000000	34.000000	1.486367	1.370000
7.000000	35.000000	1.496004	1.370000
7.000000	36.000000	1.513136	1.370000
7.000000	37.000000	1.488819	1.370000
7.000000	38.000000	1.479521	1.370000
7.000000	39.000000	1.498696	1.370000
7.000000	40.000000	1.478261	1.370000
7.000000	41.000000	1.471139	1.370000
7.000000	42.000000	1.497314	1.370000
7.000000	43.000000	1.466434	1.370000
7.000000	44.000000	1.439579	1.370000
7.000000	45.000000	1.448385	1.370000
7.000000	46.000000	1.466385	1.370000
7.000000	47.000000	1.464776	1.370000
8.000000	12.000000	1.379619	1.370000
8.000000	13.000000	1.416484	1.370000
8.000000	14.000000	1.432965	1.370000
8.000000	15.000000	1.449051	1.370000
8.000000	16.000000	1.411982	1.370000
8.000000	17.000000	1.406886	1.370000
8.000000	18.000000	1.477851	1.370000
8.000000	19.000000	1.434067	1.370000
8.000000	20.000000	1.450527	1.370000
8.000000	21.000000	1.498125	1.370000
8.000000	22.000000	1.433069	1.370000
8.000000	23.000000	1.455716	1.370000
8.000000	24.000000	1.460132	1.370000
8.000000	25.000000	1.474378	1.370000
8.000000	26.000000	1.462204	1.370000
8.000000	27.000000	1.484395	1.370000
8.000000	28.000000	1.470654	1.370000
8.000000	29.000000	1.466679	1.370000
8.000000	30.000000	1.475305	1.370000
8.000000	31.000000	1.476732	1.370000
8.000000	32.000000	1.456157	1.370000
8.000000	33.000000	1.493640	1.370000
8.000000	34.000000	1.485950	1.370000
8.000000	35.000000	1.475280	1.370000
8.000000	36.000000	1.444770	1.370000
8.000000	37.000000	1.457521	1.370000
8.000000	38.000000	1.465985	1.370000
8.000000	39.000000	1.454110	1.370000
8.000000	40.000000	1.468463	1.370000
8.000000	41.000000	1.447623	1.370000
8.000000	42.000000	1.485393	1.370000
8.000000	43.000000	1.432155	1.370000
8.000000	44.000000	1.421403	1.370000
8.000000	45.000000	1.430571	1.370000
8.000000	46.000000	1.446640	1.370000
8.000000	47.000000	1.450004	1.370000
9.000000	12.000000	1.382986	1.370000
9.000000	13.000000	1.403867	1.370000
9.000000	14.000000	1.423798	1.370000
9.000000	15.000000	1.412694	1.370000
9.000000	16.000000	1.375430	1.370000
9.000000	17.000000	1.388002	1.370000
9.000000	18.000000	1.468846	1.370000
9.000000	19.000000	1.398757	1.370000
9.000000	20.000000	1.434544	1.370000
9.000000	21.000000	1.462996	1.370000
9.000000	22.000000	1.418284	1.370000
9.000000	23.000000	1.437146	1.370000
9.000000	24.000000	1.463927	1.370000
9.000000	25.000000	1.470998	1.370000
9.000000	26.000000	1.456830	1.370000
9.000000	27.000000	1.474217	1.370000
9.000000	28.000000	1.472631	1.370000
9.000000	29.000000	1.477009	1.370000
9.000000	30.000000	1.478524	1.370000
9.000000	31.000000	1.468972	1.370000
9.000000	32.000000	1.458607	1.370000
9.000000	33.000000	1.480029	1.370000
9.000000	34.000000	1.488918	1.370000
9.000000	35.000000	1.488623	1.370000
9.000000	36.000000	1.477753	1.370000
9.000000	37.000000	1.467244	1.370000
9.000000	38.000000	1.446585	1.370000
9.000000	39.000000	1.453036	1.370000
9.000000	40.000000	1.453343	1.370000
9.000000	41.000000	1.447348	1.370000
9.000000	42.000000	1.481220	1.370000
9.000000	43.000000	1.460511	1.370000
9.000000	44.000000	1.427967	1.370000
9.000000	45.000000	1.437272	1.370000
9.000000	46.000000	1.448837	1.370000
9.000000	47.000000	1.442248	1.370000
10.000000	12.000000	1.410258	1.370000
10.000000	13.000000	1.412742	1.370000
10.000000	14.000000	1.432052	1.370000
10.000000	15.000000	1.446921	1.370000
10.000000	16.000000	1.422393	1.370000
10.000000	17.000000	1.411028	1.370000
10.000000	18.000000	1.458761	1.370000
10.000000	19.000000	1.426021	1.370000
10.000000	20.000000	1.433874	1.370000
10.000000	21.000000	1.438990	1.370000
10.000000	22.000000	1.423870	1.370000
10.000000	23.000000	1.412893	1.370000
10.000000	24.000000	1.476420	1.370000
10.000000	25.000000	1.494005	1.370000
10.000000	26.000000	1.491122	1.370000
10.000000	27.000000	1.495486	1.370000
10.000000	28.000000	1.503321	1.370000
10.000000	29.000000	1.506707	1.370000
10.000000	30.000000	1.491957	1.370000
10.000000	31.000000	1.489186	1.370000
10.000000	32.000000	1.480721	1.370000
10.000000	33.000000	1.446530	1.370000
10.000000	34.000000	1.477300	1.370000
10.000000	35.000000	1.488781	1.370000
10.000000	36.000000	1.485233	1.370000
10.000000	37.000000	1.481398	1.370000
10.000000	38.000000	1.473349	1.370000
10.000000	39.000000	1.474717	1.370000
10.000000	40.000000	1.480586	1.370000
10.000000	41.000000	1.465970	1.370000
10.000000	42.000000	1.519660	1.370000
10.000000	43.000000	1.462630	1.370000
10.000000	44.000000	1.448770	1.370000
10.000000	45.000000	1.455651	1.370000
10.000000	46.000000	1.453173	1.370000
10.000000	47.000000	1.454070	1.370000
11.000000	12.000000	1.429030	1.370000
11.000000	13.000000	1.454624	1.370000
11.000000	14.000000	1.424181	1.370000
11.000000	15.000000	1.451913	1.370000
11.000000	16.000000	1.404948	1.370000
11.000000	17.000000	1.413481	1.370000
11.000000	18.000000	1.472726	1.370000
11.000000	19.000000	1.427341	1.370000
11.000000	20.000000	1.454010	1.370000
11.000000	21.000000	1.471379	1.370000
11.000000	22.000000	1.433272	1.370000
11.000000	23.000000	1.436935	1.370000
11.000000	24.000000	1.478568	1.370000
11.000000	25.000000	1.476681	1.370000
11.000000	26.000000	1.477655	1.370000
11.000000	27.000000	1.467079	1.370000
11.000000	28.000000	1.488286	1.370000
11.000000	29.000000	1.487123	1.370000
11.000000	30.000000	1.520799	1.370000
11.000000	31.000000	1.483683	1.370000
11.000000	32.000000	1.493480	1.370000
11.000000	33.000000	1.469428	1.370000
11.000000	34.000000	1.511310	1.370000
11.000000	35.000000	1.528689	1.370000
11.000000	36.000000	1.432836	1.370000
11.000000	37.000000	1.430286	1.370000
11.000000	38.000000	1.445797	1.370000
11.000000	39.000000	1.475374	1.370000
11.000000	40.000000	1.450380	1.370000
11.000000	41.000000	1.450586	1.370000
11.000000	42.000000	1.523077	1.370000
11.000000	43.000000	1.483221	1.370000
11.000000	44.000000	1.456593	1.370000
11.000000	45.000000	1.438124	1.370000
11.000000	46.000000	1.485917	1.370000
11.000000	47.000000	1.454828	1.370000
12.000000	24.000000	1.463457	1.370000
12.000000	25.000000	1.478897	1.370000
12.000000	26.000000	1.485351	1.370000
12.000000	27.000000	1.476947	1.370000
12.000000	28.000000	1.503453	1.370000
12.000000	29.000000	1.498794	1.370000
12.000000	30.000000	1.482091	1.370000
12.000000	31.000000	1.491374	1.370000
12.000000	32.000000	1.490454	1.370000
12.000000	33.000000	1.459578	1.370000
12.000000	34.000000	1.499924	1.370000
12.000000	35.000000	1.495112	1.370000
12.000000	36.000000	1.461269	1.370000
12.000000	37.000000	1.467763	1.370000
12.000000	38.000000	1.410585	1.370000
12.000000	39.000000	1.446516	1.370000
12.000000	40.000000	1.441045	1.370000
12.000000	41.000000	1.428395	1.370000
12.000000	42.000000	1.502809	1.370000
12.000000	43.000000	1.466204	1.370000
12.000000	44.000000	1.443642	1.370000
12.000000	45.000000	1.450826	1.370000
12.000000	46.000000	1.476807	1.370000
12.000000	47.000000	1.420175	1.370000
13.000000	24.000000	1.472176	1.370000
13.000000	25.000000	1.489398	1.370000
13.000000	26.000000	1.490909	1.370000
13.000000	27.000000	1.479844	1.370000
13.000000	28.000000	1.490886	1.370000
13.000000	29.000000	1.472011	1.370000
13.000000	30.000000	1.492784	1.370000
13.000000	31.000000	1.516129	1.370000
13.000000	32.000000	1.486588	1.370000
13.000000	33.000000	1.475157	1.370000
13.000000	34.000000	1.512908	1.370000
13.000000	35.000000	1.523705	1.370000
13.000000	36.000000	1.458243	1.370000
13.000000	37.000000	1.468146	1.370000
13.000000	38.000000	1.472645	1.370000
13.000000	39.000000	1.515583	1.370000
13.000000	40.000000	1.506513	1.370000
13.000000	41.000000	1.485246	1.370000
13.000000	42.000000	1.531896	1.370000
13.000000	43.000000	1.467055	1.370000
13.000000	44.000000	1.469808	1.370000
13.000000	45.000000	1.478897	1.370000
13.000000	46.000000	1.521028	1.370000
13.000000	47.000000	1.479101	1.370000
14.000000	24.000000	1.497316	1.370000
14.000000	25.000000	1.499212	1.370000
14.000000	26.000000	1.506057	1.370000
14.000000	27.000000	1.508990	1.370000
14.000000	28.000000	1.520317	1.370000
14.000000	29.000000	1.526024	1.370000
14.000000	30.000000	1.526665	1.370000
14.000000	31.000000	1.518498	1.370000
14.000000	32.000000	1.521101	1.370000
14.000000	33.000000	1.502789	1.370000
14.000000	34.000000	1.527829	1.370000
14.000000	35.000000	1.535453	1.370000
14.000000	36.000000	1.478572	1.370000
14.000000	37.000000	1.476871	1.370000
14.000000	38.000000	1.448181	1.370000
14.000000	39.000000	1.479979	1.370000
14.000000	40.000000	1.451980	1.370000
14.000000	41.000000	1.439544	1.370000
14.000000	42.000000	1.516853	1.370000
14.000000	43.000000	1.464959	1.370000
14.000000	44.000000	1.469101	1.370000
14.000000	45.000000	1.473390	1.370000
14.000000	46.000000	1.492732	1.370000
14.000000	47.000000	1.468651	1.370000
15.000000	24.000000	1.488779	1.370000
15.000000	25.000000	1.496889	1.370000
15.000000	26.000000	1.504097	1.370000
15.000000	27.000000	1.496704	1.370000
15.000000	28.000000	1.522347	1.370000
15.000000	29.000000	1.519174	1.370000
15.000000	30.000000	1.496957	1.370000
15.000000	31.000000	1.486954	1.370000
15.000000	32.000000	1.505159	1.370000
15.000000	33.000000	1.491557	1.370000
15.000000	34.000000	1.513926	1.370000
15.000000	35.000000	1.508436	1.370000
15.000000	36.000000	1.526910	1.370000
15.000000	37.000000	1.533149	1.370000
15.000000	38.000000	1.435401	1.370000
15.000000	39.000000	1.481770	1.370000
15.000000	40.000000	1.461717	1.370000
15.000000	41.000000	1.467774	1.370000
15.000000	42.000000	1.524172	1.370000
15.000000	43.000000	1.483462	1.370000
15.000000	44.000000	1.455829	1.370000
15.000000	45.000000	1.490744	1.370000
15.000000	46.000000	1.481836	1.370000
15.000000	47.000000	1.484098	1.370000
16.000000	24.000000	1.508101	1.370000
16.000000	25.000000	1.506797	1.370000
16.000000	26.000000	1.508741	1.370000
16.000000	27.000000	1.508259	1.370000
16.000000	28.000000	1.500352	1.370000
16.000000	29.000000	1.499643	1.370000
16.000000	30.000000	1.488666	1.370000
16.000000	31.000000	1.501486	1.370000
16.000000	32.000000	1.477626	1.370000
16.000000	33.000000	1.508044	1.370000
16.000000	34.000000	1.487776	1.370000
16.000000	35.000000	1.478951	1.370000
16.000000	36.000000	1.478673	1.370000
16.000000	37.000000	1.474490	1.370000
16.000000	38.000000	1.447015	1.370000
16.000000	39.000000	1.469374	1.370000
16.000000	40.000000	1.470161	1.370000
16.000000	41.000000	1.472341	1.370000
16.000000	42.000000	1.502923	1.370000
16.000000	43.000000	1.450639	1.370000
16.000000	44.000000	1.433883	1.370000
16.000000	45.000000	1.459122	1.370000
16.000000	46.000000	1.445805	1.370000
16.000000	47.000000	1.449334	1.370000
17.000000	24.000000	1.498646	1.370000
17.000000	25.000000	1.507758	1.370000
17.000000	26.000000	1.504476	1.370000
17.000000	27.000000	1.507690	1.370000
17.000000	28.000000	1.483252	1.370000
17.000000	29.000000	1.487412	1.370000
17.000000	30.000000	1.499592	1.370000
17.000000	31.000000	1.497287	1.370000
17.000000	32.000000	1.492792	1.370000
17.000000	33.000000	1.490882	1.370000
17.000000	34.000000	1.494781	1.370000
17.000000	35.000000	1.492702	1.370000
17.000000	36.000000	1.468717	1.370000
17.000000	37.000000	1.471943	1.370000
17.000000	38.000000	1.421193	1.370000
17.000000	39.000000	1.453491	1.370000
17.000000	40.000000	1.440796	1.370000
17.000000	41.000000	1.448421	1.370000
17.000000	42.000000	1.495364	1.370000
17.000000	43.000000	1.451654	1.370000
17.000000	44.000000	1.441130	1.370000
17.000000	45.000000	1.460608	1.370000
17.000000	46.000000	1.434669	1.370000
17.000000	47.000000	1.445058	1.370000
18.000000	24.000000	1.467712	1.370000
18.000000	25.000000	1.477150	1.370000
18.000000	26.000000	1.505470	1.370000
18.000000	27.000000	1.496387	1.370000
18.000000	28.000000	1.535988	1.370000
18.000000	29.000000	1.525658	1.370000
18.000000	30.000000	1.525035	1.370000
18.000000	31.000000	1.534543	1.370000
18.000000	32.000000	1.535757	1.370000
18.000000	33.000000	1.489101	1.370000
18.000000	34.000000	1.523776	1.370000
18.000000	35.000000	1.551574	1.370000
18.000000	36.000000	1.534338	1.370000
18.000000	37.000000	1.526242	1.370000
18.000000	38.000000	1.482855	1.370000
18.000000	39.000000	1.512540	1.370000
18.000000	40.000000	1.498220	1.370000
18.000000	41.000000	1.512260	1.370000
18.000000	42.000000	1.580221	1.370000
18.000000	43.000000	1.503684	1.370000
18.000000	44.000000	1.494146	1.370000
18.000000	45.000000	1.498909	1.370000
18.000000	46.000000	1.506274	1.370000
18.000000	47.000000	1.506337	1.370000
19.000000	24.000000	1.435396	1.370000
19.000000	25.000000	1.440446	1.370000
19.000000	26.000000	1.467263	1.370000
19.000000	27.000000	1.466373	1.370000
19.000000	28.000000	1.481102	1.370000
19.000000	29.000000	1.479907	1.370000
19.000000	30.000000	1.469078	1.370000
19.000000	31.000000	1.473265	1.370000
19.000000	32.000000	1.483102	1.370000
19.000000	33.000000	1.469712	1.370000
19.000000	34.000000	1.495549	1.370000
19.000000	35.000000	1.485266	1.370000
19.000000	36.000000	1.448854	1.370000
19.000000	37.000000	1.473911	1.370000
19.000000	38.000000	1.397647	1.370000
19.000000	39.000000	1.459120	1.370000
19.000000	40.000000	1.446395	1.370000
19.000000	41.000000	1.425500	1.370000
19.000000	42.000000	1.523993	1.370000
19.000000	43.000000	1.432489	1.370000
19.000000	44.000000	1.417146	1.370000
19.000000	45.000000	1.443767	1.370000
19.000000	46.000000	1.443250	1.370000
19.000000	47.000000	1.435690	1.370000
20.000000	24.000000	1.457573	1.370000
20.000000	25.000000	1.465349	1.370000
20.000000	26.000000	1.478866	1.370000
20.000000	27.000000	1.470700	1.370000
20.000000	28.000000	1.504193	1.370000
20.000000	29.000000	1.502421	1.370000
20.000000	30.000000	1.460136	1.370000
20.000000	31.000000	1.482763	1.370000
20.000000	32.000000	1.492034	1.370000
20.000000	33.000000	1.449842	1.370000
20.000000	34.000000	1.471871	1.370000
20.000000	35.000000	1.484617	1.370000
20.000000	36.000000	1.514766	1.370000
20.000000	37.000000	1.514261	1.370000
20.000000	38.000000	1.444901	1.370000
20.000000	39.000000	1.505753	1.370000
20.000000	40.000000	1.490625	1.370000
20.000000	41.000000	1.466718	1.370000
20.000000	42.000000	1.585173	1.370000
20.000000	43.000000	1.479522	1.370000
20.000000	44.000000	1.463738	1.370000
20.000000	45.000000	1.509007	1.370000
20.000000	46.000000	1.517296	1.370000
20.000000	47.000000	1.464672	1.370000
21.000000	24.000000	1.471011	1.370000
21.000000	25.000000	1.494101	1.370000
21.000000	26.000000	1.497025	1.370000
21.000000	27.000000	1.483179	1.370000
21.000000	28.000000	1.513088	1.370000
21.000000	29.000000	1.522988	1.370000
21.000000	30.000000	1.497813	1.370000
21.000000	31.000000	1.507277	1.370000
21.000000	32.000000	1.510473	1.370000
21.000000	33.000000	1.476124	1.370000
21.000000	34.000000	1.502740	1.370000
21.000000	35.000000	1.507485	1.370000
21.000000	36.000000	1.554325	1.370000
21.000000	37.000000	1.523732	1.370000
21.000000	38.000000	1.487827	1.370000
21.000000	39.000000	1.531857	1.370000
21.000000	40.000000	1.520647	1.370000
21.000000	41.000000	1.513712	1.370000
21.000000	42.000000	1.612317	1.370000
21.000000	43.000000	1.546668	1.370000
21.000000	44.000000	1.516977	1.370000
21.000000	45.000000	1.538660	1.370000
21.000000	46.000000	1.564694	1.370000
21.000000	47.000000	1.485047	1.370000
22.000000	24.000000	1.478552	1.370000
22.000000	25.000000	1.481882	1.370000
22.000000	26.000000	1.509397	1.370000
22.000000	27.000000	1.508859	1.370000
22.000000	28.000000	1.509695	1.370000
22.000000	29.000000	1.508018	1.370000
22.000000	30.000000	1.506628	1.370000
22.000000	31.000000	1.519574	1.370000
22.000000	32.000000	1.522758	1.370000
22.000000	33.000000	1.501619	1.370000
22.000000	34.000000	1.511309	1.370000
22.000000	35.000000	1.513829	1.370000
22.000000	36.000000	1.497025	1.370000
22.000000	37.000000	1.483301	1.370000
22.000000	38.000000	1.418849	1.370000
22.000000	39.000000	1.464272	1.370000
22.000000	40.000000	1.464902	1.370000
22.000000	41.000000	1.465130	1.370000
22.000000	42.000000	1.562332	1.370000
22.000000	43.000000	1.496365	1.370000
22.000000	44.000000	1.456995	1.370000
22.000000	45.000000	1.486138	1.370000
22.000000	46.000000	1.497555	1.370000
22.000000	47.000000	1.450470	1.370000
23.000000	24.000000	1.443627	1.370000
23.000000	25.000000	1.457025	1.370000
23.000000	26.000000	1.487424	1.370000
23.000000	27.000000	1.479882	1.370000
23.000000	28.000000	1.474296	1.370000
23.000000	29.000000	1.484098	1.370000
23.000000	30.000000	1.486382	1.370000
23.000000	31.000000	1.488200	1.370000
23.000000	32.000000	1.494256	1.370000
23.000000	33.000000	1.426338	1.370000
23.000000	34.000000	1.460428	1.370000
23.000000	35.000000	1.488541	1.370000
23.000000	36.000000	1.519709	1.370000
23.000000	37.000000	1.510908	1.370000
23.000000	38.000000	1.471005	1.370000
23.000000	39.000000	1.488963	1.370000
23.000000	40.000000	1.482169	1.370000
23.000000	41.000000	1.487791	1.370000
23.000000	42.000000	1.577700	1.370000
23.000000	43.000000	1.508509	1.370000
23.000000	44.000000	1.495786	1.370000
23.000000	45.000000	1.504052	1.370000
23.000000	46.000000	1.514548	1.370000
23.000000	47.000000	1.485002	1.370000
24.000000	36.000000	1.484035	1.370000
24.000000	37.000000	1.484262	1.370000
24.000000	38.000000	1.481465	1.370000
24.000000	39.000000	1.498594	1.370000
24.000000	40.000000	1.479780	1.370000
24.000000	41.000000	1.486609	1.370000
24.000000	42.000000	1.533916	1.370000
24.000000	43.000000	1.477069	1.370000
24.000000	44.000000	1.444283	1.370000
24.000000	45.000000	1.492319	1.370000
24.000000	46.000000	1.493467	1.370000
24.000000	47.000000	1.489716	1.370000
25.000000	36.000000	1.484836	1.370000
25.000000	37.000000	1.479147	1.370000
25.000000	38.000000	1.471177	1.370000
25.000000	39.000000	1.499003	1.370000
25.000000	40.000000	1.478773	1.370000
25.000000	41.000000	1.486431	1.370000
25.000000	42.000000	1.548515	1.370000
25.000000	43.000000	1.484029	1.370000
25.000000	44.000000	1.453995	1.370000
25.000000	45.000000	1.498308	1.370000
25.000000	46.000000	1.502992	1.370000
25.000000	47.000000	1.488486	1.370000
26.000000	36.000000	1.481884	1.370000
26.000000	37.000000	1.470973	1.370000
26.000000	38.000000	1.481695	1.370000
26.000000	39.000000	1.474389	1.370000
26.000000	40.000000	1.463688	1.370000
26.000000	41.000000	1.477588	1.370000
26.000000	42.000000	1.517628	1.370000
26.000000	43.000000	1.468880	1.370000
26.000000	44.000000	1.450875	1.370000
26.000000	45.000000	1.494362	1.370000
26.000000	46.000000	1.482587	1.370000
26.000000	47.000000	1.478556	1.370000
27.000000	36.000000	1.474548	1.370000
27.000000	37.000000	1.478354	1.370000
27.000000	38.000000	1.476327	1.370000
27.000000	39.000000	1.487613	1.370000
27.000000	40.000000	1.476187	1.370000
27.000000	41.000000	1.479189	1.370000
27.000000	42.000000	1.513007	1.370000
27.000000	43.000000	1.466614	1.370000
27.000000	44.000000	1.459935	1.370000
27.000000	45.000000	1.471354	1.370000
27.000000	46.000000	1.476221	1.370000
27.000000	47.000000	1.478503	1.370000
28.000000	36.000000	1.483497	1.370000
28.000000	37.000000	1.519442	1.370000
28.000000	38.000000	1.497399	1.370000
28.000000	39.000000	1.523096	1.370000
28.000000	40.000000	1.506082	1.370000
28.000000	41.000000	1.495912	1.370000
28.000000	42.000000	1.542334	1.370000
28.000000	43.000000	1.482193	1.370000
28.000000	44.000000	1.486030	1.370000
28.000000	45.000000	1.483280	1.370000
28.000000	46.000000	1.494988	1.370000
28.000000	47.000000	1.504999	1.370000
29.000000	36.000000	1.484355	1.370000
29.000000	37.000000	1.488277	1.370000
29.000000	38.000000	1.510574	1.370000
29.000000	39.000000	1.508772	1.370000
29.000000	40.000000	1.510089	1.370000
29.000000	41.000000	1.514985	1.370000
29.000000	42.000000	1.532423	1.370000
29.000000	43.000000	1.485935	1.370000
29.000000	44.000000	1.494019	1.370000
29.000000	45.000000	1.474076	1.370000
29.000000	46.000000	1.493996	1.370000
29.000000	47.000000	1.510047	1.370000
30.000000	36.000000	1.464662	1.370000
30.000000	37.000000	1.511800	1.370000
30.000000	38.000000	1.495285	1.370000
30.000000	39.000000	1.485294	1.370000
30.000000	40.000000	1.510713	1.370000
30.000000	41.000000	1.526814	1.370000
30.000000	42.000000	1.499199	1.370000
30.000000	43.000000	1.470529	1.370000
30.000000	44.000000	1.499636	1.370000
30.000000	45.000000	1.501447	1.370000
30.000000	46.000000	1.468174	1.370000
30.000000	47.000000	1.509827	1.370000
31.000000	36.000000	1.469473	1.370000
31.000000	37.000000	1.515739	1.370000
31.000000	38.000000	1.506622	1.370000
31.000000	39.000000	1.488182	1.370000
31.000000	40.000000	1.510409	1.370000
31.000000	41.000000	1.512298	1.370000
31.000000	42.000000	1.491140	1.370000
31.000000	43.000000	1.461618	1.370000
31.000000	44.000000	1.470784	1.370000
31.000000	45.000000	1.513533	1.370000
31.000000	46.000000	1.464770	1.370000
31.000000	47.000000	1.514744	1.370000
32.000000	36.000000	1.474091	1.370000
32.000000	37.000000	1.504695	1.370000
32.000000	38.000000	1.510028	1.370000
32.000000	39.000000	1.498858	1.370000
32.000000	40.000000	1.519578	1.370000
32.000000	41.000000	1.534349	1.370000
32.000000	42.000000	1.490910	1.370000
32.000000	43.000000	1.458759	1.370000
32.000000	44.000000	1.471189	1.370000
32.000000	45.000000	1.494225	1.370000
32.000000	46.000000	1.450745	1.370000
32.000000	47.000000	1.498389	1.370000
33.000000	36.000000	1.540006	1.370000
33.000000	37.000000	1.535748	1.370000
33.000000	38.000000	1.484796	1.370000
33.000000	39.000000	1.514493	1.370000
33.000000	40.000000	1.517614	1.370000
33.000000	41.000000	1.520020	1.370000
33.000000	42.000000	1.550871	1.370000
33.000000	43.000000	1.493642	1.370000
33.000000	44.000000	1.485696	1.370000
33.000000	45.000000	1.536569	1.370000
33.000000	46.000000	1.525043	1.370000
33.000000	47.000000	1.475886	1.370000
34.000000	36.000000	1.489797	1.370000
34.000000	37.000000	1.521578	1.370000
34.000000	38.000000	1.516156	1.370000
34.000000	39.000000	1.501015	1.370000
34.000000	40.000000	1.526591	1.370000
34.000000	41.000000	1.538978	1.370000
34.000000	42.000000	1.513492	1.370000
34.000000	43.000000	1.489826	1.370000
34.000000	44.000000	1.512051	1.370000
34.000000	45.000000	1.504364	1.370000
34.000000	46.000000	1.493484	1.370000
34.000000	47.000000	1.532313	1.370000
35.000000	36.000000	1.510082	1.370000
35.000000	37.000000	1.537435	1.370000
35.000000	38.000000	1.516598	1.370000
35.000000	39.000000	1.512785	1.370000
35.000000	40.000000	1.531099	1.370000
35.000000	41.000000	1.538191	1.370000
35.000000	42.000000	1.522481	1.370000
35.000000	43.000000	1.482428	1.370000
35.000000	44.000000	1.493041	1.370000
35.000000	45.000000	1.509602	1.370000
35.000000	46.000000	1.485968	1.370000
35.000000	47.000000	1.508242	1.370000
